0 0.046920 0.909607 0.093839 0.167780
0 0.881285 0.856579 0.114571 0.243877
0 0.283219 0.569802 0.019418 0.036515
0 0.349907 0.167583 0.061022 0.093914
0 0.968751 0.893351 0.062498 0.205515
0 0.730220 0.571558 0.021579 0.043589
0 0.135757 0.865548 0.060409 0.213176
0 0.663083 0.172115 0.064936 0.108550
0 0.572385 0.176609 0.055167 0.074847
0 0.453803 0.184728 0.044083 0.060400
0 0.410249 0.181850 0.054089 0.067325
0 0.491555 0.181455 0.023263 0.032748
0 0.526921 0.156871 0.029568 0.075253
0 0.174038 0.612532 0.012849 0.042363
0 0.326757 0.151370 0.017028 0.055670
