0 0.276353 0.467322 0.032753 0.051029
0 0.491643 0.623803 0.031252 0.050498
0 0.112286 0.705846 0.041898 0.062288
0 0.879437 0.514468 0.032980 0.048180
0 0.879534 0.410489 0.031651 0.053673
0 0.681261 0.615541 0.043132 0.069542
0 0.495206 0.480570 0.031485 0.048565
0 0.971240 0.937410 0.037513 0.043626
0 0.921196 0.900160 0.060893 0.125484
0 0.434744 0.922332 0.018263 0.037800
0 0.664517 0.615434 0.023840 0.043341
0 0.948875 0.458302 0.045868 0.073728
0 0.908445 0.491419 0.025223 0.040062
