0 0.806470 0.624023 0.028979 0.051992
0 0.235898 0.576117 0.028263 0.041513
0 0.069601 0.725302 0.022183 0.037757
0 0.057062 0.809407 0.025630 0.047508
0 0.697080 0.566672 0.024247 0.045385
0 0.302910 0.538256 0.021775 0.044283
0 0.854716 0.512694 0.026688 0.042782
0 0.871650 0.479869 0.020883 0.032620
0 0.858865 0.544554 0.021294 0.039251
0 0.228014 0.625691 0.022690 0.033063
0 0.107975 0.724216 0.024341 0.037604
0 0.100105 0.602815 0.040564 0.056627
0 0.895472 0.542062 0.021797 0.033650
