0 0.138160 0.670295 0.024715 0.036197
0 0.900969 0.653352 0.025070 0.037272
0 0.865038 0.644472 0.025483 0.045118
0 0.762609 0.627112 0.028087 0.052813
0 0.114078 0.674054 0.025890 0.038328
0 0.876215 0.558165 0.024455 0.041405
0 0.159674 0.604457 0.026568 0.039165
0 0.237158 0.614067 0.029353 0.043345
0 0.098290 0.667554 0.024111 0.036485
0 0.365533 0.135645 0.034826 0.049782
0 0.134175 0.589828 0.013395 0.035142
0 0.850429 0.604404 0.022768 0.031096
0 0.843458 0.630998 0.024044 0.032339
