0 0.516856 0.499226 0.038612 0.052596
0 0.894486 0.905452 0.015255 0.032161
0 0.773615 0.844589 0.010310 0.015989
0 0.869809 0.779534 0.012460 0.018560
0 0.694162 0.790740 0.015177 0.023910
0 0.842177 0.934434 0.017380 0.028606
0 0.787987 0.857504 0.013435 0.027436
0 0.758487 0.819392 0.010543 0.018797
0 0.958609 0.804398 0.015031 0.021028
0 0.632363 0.498495 0.016430 0.024555
0 0.803820 0.464321 0.023417 0.035756
0 0.673383 0.508063 0.016233 0.034038
0 0.808118 0.942797 0.012068 0.017143
0 0.720194 0.911293 0.011694 0.018065
0 0.698210 0.872325 0.013883 0.024672
0 0.309207 0.462355 0.012774 0.027024
